0.0
0.0
0.0
0.0
0.0
0.0
0.0
0.0
0.0
0.0
0.0
0.0
0.0
0.0
0.0
0.0
0.0
0.0
0.0
0.0
0.0
0.0
0.0
0.0
0.0
0.0
0.0
0.972549
0.0
0.0
0.0
0.0
0.0
0.0
0.0
0.0
0.0
0.0
0.0
0.0
0.0
0.0
0.0
0.0
0.0
0.0
0.0
0.0
0.0
0.0
0.0
0.0
0.0
0.0
0.0
0.972549
0.0
0.0
0.0
0.0
0.0
0.0
0.0
0.023529412
0.14117648
0.19607843
0.20392157
0.21568628
0.26666668
0.32941177
0.38431373
0.44313726
0.49411765
0.5176471
0.54901963
0.38431373
0.0627451
0.0
0.0
0.0
0.0
0.0
0.0
0.972549
0.0
0.0
0.0
0.0
0.0
0.0
0.07058824
0.6039216
1.0
1.0
1.0
1.0
1.0
1.0
1.0
1.0
1.0
1.0
1.0
1.0
0.7647059
0.19215687
0.0
0.0
0.0
0.0
0.0
0.972549
0.0
0.0
0.0
0.0
0.0
0.0
0.17254902
0.972549
1.0
1.0
1.0
1.0
1.0
1.0
1.0
1.0
1.0
1.0
1.0
1.0
1.0
0.8117647
0.10980392
0.0
0.0
0.0
0.0
0.972549
0.0
0.0
0.0
0.0
0.0
0.0
0.14901961
0.8784314
1.0
1.0
1.0
1.0
1.0
1.0
1.0
1.0
1.0
1.0
1.0
1.0
1.0
0.96862745
0.14509805
0.0
0.0
0.0
0.0
0.972549
0.0
0.0
0.0
0.0
0.0
0.0
0.019607844
0.31764707
0.7764706
0.8117647
0.7921569
0.78039217
0.7372549
0.6745098
0.6156863
0.5568628
0.5058824
0.8392157
1.0
1.0
1.0
0.6431373
0.07450981
0.0
0.0
0.0
0.0
0.972549
0.0
0.0
0.0
0.0
0.0
0.0
0.0
0.0
0.0
0.0
0.0
0.0
0.0
0.0
0.0
0.101960786
0.7254902
1.0
1.0
1.0
0.77254903
0.11764706
0.0
0.0
0.0
0.0
0.0
0.972549
0.0
0.0
0.0
0.0
0.0
0.0
0.0
0.0
0.0
0.0
0.0
0.0
0.0
0.0
0.0
0.4392157
0.96862745
1.0
1.0
0.94509804
0.20784314
0.0
0.0
0.0
0.0
0.0
0.0
0.972549
0.0
0.0
0.0
0.0
0.0
0.0
0.0
0.0
0.0
0.0
0.0
0.0
0.0
0.0
0.21960784
0.8039216
1.0
1.0
1.0
0.5058824
0.043137256
0.0
0.0
0.0
0.0
0.0
0.0
0.972549
0.0
0.0
0.0
0.0
0.0
0.0
0.0
0.0
0.0
0.0
0.0
0.0
0.0
0.019607844
0.60784316
1.0
1.0
1.0
0.7607843
0.14509805
0.0
0.0
0.0
0.0
0.0
0.0
0.0
0.972549
0.0
0.0
0.0
0.0
0.0
0.0
0.0
0.0
0.0
0.0
0.0
0.0
0.0
0.30588236
0.8901961
1.0
1.0
1.0
0.3254902
0.0
0.0
0.0
0.0
0.0
0.0
0.0
0.0
0.972549
0.0
0.0
0.0
0.0
0.0
0.0
0.0
0.0
0.0
0.0627451
0.28235295
0.42745098
0.6392157
0.90588236
1.0
1.0
1.0
0.96862745
0.6039216
0.09803922
0.0
0.0
0.0
0.0
0.0
0.0
0.0
0.972549
0.0
0.0
0.0
0.0
0.0
0.0
0.0
0.0
0.1882353
0.8666667
1.0
1.0
1.0
1.0
1.0
1.0
1.0
1.0
1.0
0.4
0.007843138
0.0
0.0
0.0
0.0
0.0
0.0
0.972549
0.0
0.0
0.0
0.0
0.0
0.0
0.0
0.03137255
0.47058824
1.0
1.0
1.0
1.0
1.0
1.0
1.0
1.0
1.0
1.0
0.4509804
0.02745098
0.0
0.0
0.0
0.0
0.0
0.0
0.972549
0.0
0.0
0.0
0.0
0.0
0.0
0.0
0.003921569
0.3882353
1.0
1.0
1.0
1.0
1.0
1.0
1.0
1.0
1.0
0.8117647
0.16862746
0.0
0.0
0.0
0.0
0.0
0.0
0.0
0.972549
0.0
0.0
0.0
0.0
0.0
0.0
0.0
0.0
0.08627451
0.5058824
0.8352941
0.96862745
1.0
1.0
0.9882353
0.47843137
0.1254902
0.14901961
0.039215688
0.0
0.0
0.0
0.0
0.0
0.0
0.0
0.0
0.972549
0.0
0.0
0.0
0.0
0.0
0.0
0.0
0.0
0.0
0.12156863
0.6901961
1.0
1.0
1.0
0.6745098
0.101960786
0.0
0.0
0.0
0.0
0.0
0.0
0.0
0.0
0.0
0.0
0.0
0.972549
0.0
0.0
0.0
0.0
0.0
0.0
0.0
0.0
0.015686275
0.44313726
1.0
1.0
1.0
0.85882354
0.27450982
0.0
0.0
0.0
0.0
0.0
0.0
0.0
0.0
0.0
0.0
0.0
0.0
0.972549
0.0
0.0
0.0
0.0
0.0
0.0
0.0
0.0
0.1882353
0.85882354
1.0
1.0
1.0
0.52156866
0.0
0.0
0.0
0.0
0.0
0.0
0.0
0.0
0.0
0.0
0.0
0.0
0.0
0.972549
0.0
0.0
0.0
0.0
0.0
0.0
0.0
0.08235294
0.62352943
1.0
1.0
1.0
0.7529412
0.15686275
0.0
0.0
0.0
0.0
0.0
0.0
0.0
0.0
0.0
0.0
0.0
0.0
0.0
0.972549
0.0
0.0
0.0
0.0
0.0
0.0
0.0
0.18039216
0.9019608
1.0
1.0
0.90588236
0.3529412
0.0
0.0
0.0
0.0
0.0
0.0
0.0
0.0
0.0
0.0
0.0
0.0
0.0
0.0
0.972549
0.0
0.0
0.0
0.0
0.0
0.0
0.0
0.12941177
0.75686276
1.0
1.0
0.627451
0.007843138
0.0
0.0
0.0
0.0
0.0
0.0
0.0
0.0
0.0
0.0
0.0
0.0
0.0
0.0
0.972549
0.0
0.0
0.0
0.0
0.0
0.0
0.0
0.0
0.14117648
0.62352943
0.52156866
0.1254902
0.0
0.0
0.0
0.0
0.0
0.0
0.0
0.0
0.0
0.0
0.0
0.0
0.0
0.0
0.0
0.972549
0.0
0.0
0.0
0.0
0.0
0.0
0.0
0.0
0.0
0.0
0.0
0.0
0.0
0.0
0.0
0.0
0.0
0.0
0.0
0.0
0.0
0.0
0.0
0.0
0.0
0.0
0.0
0.972549
0.0
0.0
0.0
0.0
0.0
0.0
0.0
0.0
0.0
0.0
0.0
0.0
0.0
0.0
0.0
0.0
0.0
0.0
0.0
0.0
0.0
0.0
0.0
0.0
0.0
0.0
0.0
0.972549
0.0
0.0
0.0
0.0
0.0
0.0
0.0
0.0
0.0
0.0
0.0
0.0
0.0
0.0
0.0
0.0
0.0
0.0
0.0
0.0
0.0
0.0
0.0
0.0
0.0
0.0
0.0
0.972549
0.0
0.0
0.0
0.0
0.0
0.0
0.0
0.0
0.0
0.0
0.0
0.0
0.0
0.0
0.0
0.0
0.0
0.0
0.0
0.0
0.0
0.0
0.0
0.0
0.0
0.0
0.0
0.972549
