[<tf.Variable 'conv2d/kernel:0' shape=(3, 3, 1, 32) dtype=float32, numpy=
array([[[[ 1.02047287e-01, -8.27441290e-02, -2.10582033e-01,
           6.95441812e-02, -3.51043185e-03,  1.81019858e-01,
           4.90220226e-02, -4.18129563e-02,  1.56807721e-01,
          -2.95628421e-02,  1.28608271e-01, -3.07850391e-01,
           4.01655257e-01,  5.91367073e-02, -2.13554770e-01,
           1.68455362e-01, -2.20041908e-02, -2.78922468e-01,
          -6.61534816e-02, -7.75665492e-02, -3.48960876e-01,
           5.43364733e-02, -1.10208236e-01, -2.58248180e-01,
          -3.86280328e-04, -9.82906111e-03, -7.21398517e-02,
          -7.18996581e-03, -1.92607686e-01, -4.85358953e-01,
           7.59753883e-02,  1.75620317e-01]],

        [[ 1.29534245e-01,  3.06218624e-01,  1.43627629e-01,
          -1.96137547e-01, -6.09715283e-01,  3.90317827e-01,
           1.43217919e-02,  1.32522598e-01, -1.62560016e-01,
           4.16952223e-01,  2.79631883e-01, -1.53806776e-01,
           1.26129195e-01,  1.66553140e-01,  1.06031723e-01,
           2.55616695e-01, -3.55595440e-01,  1.47003293e-01,
          -1.96400434e-02, -2.93879539e-01, -1.78491652e-01,
           4.69859466e-02, -6.85457945e-01, -2.92978883e-01,
          -1.33024761e-02, -4.11600441e-01,  2.05517992e-01,
          -3.82859349e-01, -4.00889874e-01, -2.36323640e-01,
           1.29029229e-01,  1.00602724e-01]],

        [[-6.47019967e-02,  3.01821828e-01,  4.57480997e-02,
          -4.08304334e-01, -2.75520951e-01,  3.10883552e-01,
           7.78911039e-02, -1.76619917e-01,  1.10594667e-02,
           3.59435976e-01,  2.94312328e-01,  2.54491985e-01,
          -3.55201632e-01,  3.34223285e-02,  4.23965789e-02,
           2.85678118e-01,  2.02264786e-02,  2.90999472e-01,
           1.64137200e-01, -2.51147956e-01,  1.06228024e-01,
           1.52027784e-02, -2.47675404e-01, -2.82711983e-01,
          -1.95698842e-01, -3.59107971e-01, -2.23982967e-02,
          -4.99537617e-01, -9.34917778e-02,  1.55424342e-01,
          -1.30528316e-01,  2.67906487e-01]]],


       [[[ 6.89894110e-02,  3.72994930e-01,  2.43614867e-01,
          -7.37652136e-03, -5.71527719e-01, -1.01157106e-01,
           9.29873884e-02, -1.67426676e-01,  1.75509840e-01,
          -5.46977580e-01,  3.65739852e-01, -2.55740315e-01,
           4.52817202e-01,  4.77853417e-02,  2.17298016e-01,
          -3.20022047e-01, -1.11559294e-01, -2.73544818e-01,
          -3.77002299e-01,  2.39825860e-01, -3.04526389e-01,
          -8.63178894e-02, -6.20955408e-01,  1.54020227e-02,
           7.76684470e-03,  1.58140600e-01, -8.86733085e-02,
           2.57034898e-01, -1.19482577e-01, -3.75640005e-01,
           5.39885759e-02,  3.01569581e-01]],

        [[-4.22191210e-02,  1.85062841e-01,  7.11854845e-02,
          -1.14273965e-01, -1.69586420e-01,  3.67743336e-02,
           5.60135506e-02, -2.14950331e-02,  9.37926322e-02,
          -5.23541808e-01,  2.31915295e-01, -1.46927387e-01,
          -8.06882381e-02, -7.21074864e-02,  2.35082254e-01,
           2.22330913e-02,  2.20958441e-01, -1.79699257e-01,
          -1.46355806e-02, -1.35860935e-01,  3.13698426e-02,
           8.64091963e-02, -3.17893475e-02,  3.21923457e-02,
           4.89946194e-02,  5.44132851e-02,  2.17757806e-01,
           3.33855152e-01,  5.81961647e-02,  2.56197453e-01,
           1.92131102e-01, -3.92059274e-02]],

        [[ 1.16483718e-01, -7.52641633e-02,  4.93864082e-02,
           3.15421633e-02,  1.91789120e-01,  3.27073000e-02,
           2.34820154e-02,  3.89666036e-02, -9.44746137e-02,
           7.27772638e-02, -1.07084356e-01,  3.51318538e-01,
          -6.35037243e-01,  1.11547872e-01, -1.54315367e-01,
           4.14962292e-01,  2.11663395e-01,  2.77099490e-01,
           1.50594994e-01, -3.35168630e-01,  2.57579416e-01,
           3.95406857e-02,  3.09166610e-01,  4.81258370e-02,
           1.55919008e-02,  2.50864569e-02, -1.81183238e-02,
          -1.38111755e-01,  2.80995250e-01,  3.70983541e-01,
           3.09991781e-02, -8.65398869e-02]]],


       [[[ 9.07312632e-02,  1.58448126e-02, -6.78254366e-02,
           2.09144503e-01, -4.67033237e-01, -2.95268893e-01,
           1.73486963e-01,  1.66087523e-01,  1.36702612e-01,
           1.14715174e-01, -3.37268054e-01, -1.96720824e-01,
           3.11928242e-01,  2.78518070e-02,  6.06083050e-02,
          -4.93805826e-01,  1.50373995e-01, -3.79616529e-01,
          -4.78007756e-02,  3.10188949e-01, -2.70519346e-01,
           8.87966007e-02, -4.67975438e-01,  2.64552861e-01,
          -4.51057106e-02,  1.36302665e-01, -2.25233942e-01,
           3.07931323e-02,  3.45060796e-01,  1.00466453e-01,
          -3.11678976e-01, -4.16126788e-01]],

        [[ 9.50095057e-02, -4.17373419e-01,  1.04690284e-01,
           2.29197860e-01,  3.20470892e-02, -4.46438968e-01,
           8.29223637e-03,  1.42149210e-01,  1.33098081e-01,
          -1.06275655e-01, -4.66300488e-01,  5.52496798e-02,
          -7.55081102e-02,  1.39337793e-01,  1.44776225e-01,
          -4.00068223e-01,  4.61830758e-02, -9.63512659e-02,
           1.67572558e-01,  4.19095695e-01, -2.70747822e-02,
           1.16970643e-01,  9.16639566e-02,  2.17453867e-01,
           1.25691772e-01,  2.08215475e-01,  8.79201852e-03,
           2.75864393e-01,  1.38593361e-01,  3.49408180e-01,
           1.00047365e-01, -2.75424153e-01]],

        [[ 1.04815364e-01, -5.92952967e-01, -2.71175861e-01,
           2.08151311e-01,  4.21810597e-01, -3.26119870e-01,
          -1.07913420e-01, -1.17107425e-02, -1.43428117e-01,
          -3.51731956e-01, -4.52147514e-01,  1.64859653e-01,
          -2.50404507e-01,  7.50571042e-02, -3.52659672e-01,
           1.89457893e-01, -1.94270477e-01,  2.21792832e-01,
           1.39195710e-01,  4.27625962e-02,  2.18386963e-01,
           6.34453073e-02,  2.48235241e-01,  2.42303133e-01,
           1.13591760e-01,  2.64636546e-01,  1.92458540e-01,
           2.28422910e-01, -2.69216914e-02, -6.12030923e-02,
           1.62827820e-01, -4.18361649e-02]]]], dtype=float32)>, <tf.Variable 'conv2d/bias:0' shape=(32,) dtype=float32, numpy=
array([-4.08363082e-02, -1.60631854e-02, -7.90236816e-02, -1.81976538e-02,
        1.06793828e-01,  7.19266981e-02, -5.31323962e-02, -1.07697668e-02,
       -5.44355288e-02,  9.66836289e-02, -2.83198664e-03, -1.52974995e-02,
       -1.25437567e-04, -6.76951334e-02, -6.34861588e-02, -9.96708944e-02,
       -1.92075595e-02, -2.13460065e-03, -7.56329149e-02,  2.15070397e-02,
       -8.85388441e-03, -3.25285010e-02,  1.41752407e-01,  1.52402017e-02,
       -5.41937863e-03, -3.97922006e-03, -6.94592446e-02, -2.67187972e-02,
       -1.39981285e-02, -9.40876156e-02, -8.11911300e-02, -9.96232405e-03],
      dtype=float32)>]