[<tf.Variable 'conv2d/kernel:0' shape=(3, 3, 1, 32) dtype=float32, numpy=
array([[[[-3.28924656e-01, -3.76043856e-01, -2.67417967e-01,
          -3.09945077e-01, -3.93100046e-02,  3.15915525e-01,
          -1.39589548e-01,  8.94660428e-02,  4.86814231e-02,
           1.32602185e-01,  1.50422990e-01,  8.02661404e-02,
           3.56108812e-03,  2.44565800e-01, -4.41058427e-02,
           5.37450872e-02, -2.42312625e-02,  5.09255290e-01,
           4.26998883e-02,  1.00271426e-01,  4.62471507e-02,
           8.31172392e-02, -4.15357143e-01,  1.16528258e-01,
          -3.21217254e-02, -8.18955749e-02, -2.89611444e-02,
           3.63485992e-01, -4.58707660e-01,  4.59243864e-01,
           4.84390184e-03,  2.81759709e-01]],

        [[-1.07850127e-01, -1.74723908e-01,  1.14258371e-01,
          -4.18196768e-01,  7.18581155e-02,  2.71488667e-01,
           5.46693541e-02,  2.12870212e-03,  2.86169797e-01,
          -2.25294624e-02, -7.89949149e-02,  1.72676340e-01,
          -4.55793619e-01,  1.64243028e-01,  3.42347294e-01,
           7.67070055e-02,  9.01881680e-02,  1.70702532e-01,
          -3.46514642e-01, -5.02556078e-02,  1.86159745e-01,
           1.36241436e-01, -1.08698793e-01, -6.70797676e-02,
          -2.92592883e-01,  1.60483733e-01,  2.54451986e-02,
           9.41998735e-02, -1.08400181e-01,  1.34831056e-01,
          -2.06662148e-01, -6.03081807e-02]],

        [[ 7.39579555e-03,  9.99915972e-03,  1.58519968e-01,
          -1.72932431e-01,  6.60957396e-02,  2.34100252e-01,
           2.12196797e-01, -9.13658142e-02,  1.37549222e-01,
           1.48332596e-01,  8.83721262e-02,  3.54251355e-01,
          -3.84626567e-01, -2.67134517e-01,  3.35768580e-01,
          -1.38859570e-01,  4.31240425e-02, -2.24180609e-01,
          -5.90651691e-01, -3.46925631e-02,  2.08317146e-01,
           1.85090899e-01,  2.51235902e-01,  1.24975480e-01,
          -2.11143866e-01, -2.41545886e-01, -5.16541421e-01,
           1.40413586e-02,  3.04034263e-01, -4.14815605e-01,
           5.75169250e-02, -4.75356877e-01]]],


       [[[-4.74554263e-02, -7.37127513e-02, -6.88325837e-02,
          -7.99110755e-02, -1.19465038e-01, -3.73988226e-02,
           2.56376594e-01,  5.69091104e-02, -3.16000462e-01,
          -2.55202204e-02,  1.63863588e-04,  1.28294811e-01,
           3.19143862e-01,  2.46715248e-01,  3.98294151e-01,
           3.66124064e-02,  8.78931135e-02, -3.95278096e-01,
           4.49564487e-01,  9.23394859e-02, -2.85488993e-01,
           5.79138398e-02, -5.62465608e-01,  7.32601136e-02,
           1.00857146e-01,  9.09049530e-03, -1.94440670e-02,
          -2.25523248e-01, -2.56447941e-01,  3.60420138e-01,
           8.80719572e-02,  3.20486337e-01]],

        [[ 4.44744620e-03, -1.94168855e-02,  3.31652880e-01,
          -6.92114308e-02,  1.43806666e-01,  1.59073234e-01,
           2.36567289e-01,  2.17420794e-02,  2.05057740e-01,
           1.83576927e-01,  1.10342532e-01,  1.03227003e-02,
          -7.43010938e-02,  8.76169354e-02,  4.91208583e-01,
           1.58653796e-01,  3.90441809e-03, -7.26511836e-01,
           3.76727581e-02, -8.99991579e-03,  1.51595861e-01,
           1.61085114e-01,  9.62299854e-02, -8.06668177e-02,
          -5.65833375e-02,  1.71683818e-01, -5.68915904e-01,
          -2.24603057e-01, -1.66212283e-02, -3.52615297e-01,
           5.08402325e-02,  1.69672146e-01]],

        [[-2.43662335e-02, -2.22738665e-02, -4.04113047e-02,
           1.78118899e-01,  1.08655490e-01,  1.82080358e-01,
          -1.58341706e-01,  5.92763238e-02,  3.69824678e-01,
          -6.33545369e-02,  1.09676063e-01,  5.78076243e-02,
          -1.51909679e-01, -3.98049235e-01, -2.95741767e-01,
           1.95187107e-01,  3.89025323e-02, -1.73429042e-01,
          -3.20590496e-01,  7.13894814e-02,  2.68021792e-01,
           1.54266462e-01,  3.41836870e-01,  2.65493900e-01,
           1.24063104e-01,  2.15215534e-02, -1.24848925e-01,
           1.73559770e-01,  2.67116249e-01, -4.66836184e-01,
           2.03306437e-01, -5.03549576e-01]]],


       [[[-5.70861958e-02,  1.00562781e-01,  1.90453067e-01,
           1.13758527e-01, -3.55471484e-02, -3.87530476e-01,
           1.91691905e-01,  3.55741046e-02, -4.48112756e-01,
           1.99611485e-01, -1.07023306e-01, -4.78644609e-01,
           2.89896011e-01,  2.18273878e-01,  1.44640043e-01,
          -1.56744272e-01,  4.16106341e-05, -3.04141998e-01,
           3.79582018e-01, -3.86231616e-02, -3.86850953e-01,
          -3.75552803e-01, -3.03332269e-01, -1.51959602e-02,
           2.13395387e-01,  1.32663455e-02, -4.63902503e-01,
          -3.81851792e-01, -3.21459174e-01, -1.76535904e-01,
           1.15440182e-01,  2.26502120e-01]],

        [[ 1.93718135e-01,  1.72848091e-01,  1.65639192e-01,
           4.62009490e-01,  9.93665680e-02, -4.86888587e-01,
           9.22430828e-02,  1.91099383e-02, -3.78912061e-01,
           8.77140090e-02, -5.26220314e-02, -2.86657095e-01,
           2.57432073e-01,  1.52282529e-02, -4.41310883e-01,
          -7.30090588e-02,  8.20496753e-02,  2.21772313e-01,
           3.52181762e-01,  9.72756892e-02, -4.86236274e-01,
          -3.58161271e-01, -6.67323098e-02, -1.66996837e-01,
           8.42566565e-02,  2.65922043e-02, -1.62533402e-01,
          -1.16509408e-01, -8.57213438e-02, -7.66540825e-01,
           8.63947049e-02,  1.84939027e-01]],

        [[ 2.57554829e-01,  2.99499184e-01, -3.33505780e-01,
           3.20240378e-01,  7.20949322e-02, -2.84958601e-01,
          -5.18282592e-01,  3.51461023e-02,  1.02928132e-01,
          -1.89760044e-01,  1.70699239e-01, -1.04655907e-01,
           2.55513221e-01, -3.81748438e-01, -6.67419016e-01,
          -4.55725938e-02,  1.68011207e-02,  3.62489223e-01,
           9.47840437e-02,  1.68809984e-02, -4.30005006e-02,
          -3.83724719e-02,  2.65222967e-01, -2.27417257e-02,
           1.42786577e-01, -9.83024165e-02,  3.15051049e-01,
           3.58301044e-01,  2.91522443e-01,  1.65708944e-01,
          -1.57099426e-01, -1.70686603e-01]]]], dtype=float32)>, <tf.Variable 'conv2d/bias:0' shape=(32,) dtype=float32, numpy=
array([-0.00637083, -0.00348999, -0.15121993, -0.01404132, -0.07525963,
        0.04011626, -0.05799242, -0.02386359, -0.01632618, -0.12133084,
       -0.10771171, -0.00420344, -0.00931839, -0.00885501, -0.01957916,
       -0.01368945, -0.04123943,  0.02233702, -0.00805448, -0.03054788,
       -0.00633953, -0.00481085, -0.00455171, -0.00550528,  0.00522158,
       -0.08288871,  0.22335248, -0.02691606, -0.00368459,  0.03760169,
       -0.052551  , -0.00675113], dtype=float32)>]