[<tf.Variable 'conv2d_1/kernel:0' shape=(3, 3, 32, 64) dtype=float32, numpy=
array([[[[-0.13484205, -0.16196969,  0.0933777 , ..., -0.02838695,
          -0.0810656 , -0.11074737],
         [ 0.12250409, -0.05957859, -0.04792819, ..., -0.09857554,
          -0.12296545, -0.05916038],
         [ 0.00794131, -0.13181466,  0.01832463, ..., -0.13978423,
          -0.12502153, -0.06760643],
         ...,
         [ 0.03509247, -0.41755345, -0.09513944, ..., -0.0207404 ,
          -0.1040776 ,  0.00072579],
         [ 0.00113995, -0.25342894,  0.05515385, ..., -0.01240755,
          -0.01904318, -0.12008019],
         [ 0.01861934, -0.0695763 , -0.06853984, ..., -0.14350533,
          -0.10246041,  0.0028198 ]],

        [[ 0.05217083, -0.15254878,  0.01660676, ..., -0.07132788,
          -0.05657299, -0.04570631],
         [ 0.03440496, -0.14771248,  0.27849844, ..., -0.3797029 ,
          -0.49208862, -0.1735744 ],
         [-0.00751693, -0.19499148,  0.1167002 , ..., -0.17246924,
          -0.0431562 , -0.00964176],
         ...,
         [ 0.23726007, -0.32129374,  0.29285425, ..., -0.07307327,
           0.01350169, -0.02568131],
         [-0.06737024, -0.16386478, -0.01193577, ..., -0.09894423,
           0.0762937 , -0.04542822],
         [ 0.03515309, -0.15519029,  0.0367611 , ..., -0.436002  ,
          -0.04639958,  0.03037045]],

        [[ 0.03547125, -0.00392116, -0.12785831, ..., -0.02801424,
           0.0569507 ,  0.04897063],
         [-0.07507431, -0.0147343 ,  0.26223716, ..., -0.05492884,
          -0.18451792, -0.12233527],
         [ 0.05370515,  0.14808501,  0.00880638, ..., -0.11143485,
           0.13373484,  0.003924  ],
         ...,
         [ 0.00852854,  0.22703046,  0.1701854 , ...,  0.06213123,
           0.04715399,  0.13141888],
         [ 0.09639861,  0.13858917, -0.1260342 , ..., -0.10470404,
           0.00561618,  0.08678247],
         [-0.04273335,  0.0930744 ,  0.0604958 , ..., -0.36807021,
          -0.27457392, -0.17353609]]],


       [[[-0.01666504,  0.03406008,  0.01212726, ..., -0.12604882,
          -0.12557371, -0.02195322],
         [-0.03512733,  0.01308514, -0.04773237, ..., -0.05220868,
           0.07520078,  0.08224305],
         [-0.00548592, -0.04507761, -0.05545731, ..., -0.09121064,
          -0.05203385, -0.03909433],
         ...,
         [ 0.17620087, -0.15549622, -0.20158027, ..., -0.03068522,
          -0.02829635, -0.11038867],
         [-0.04490596,  0.1031472 ,  0.01362189, ..., -0.06713728,
          -0.1763101 , -0.11268394],
         [-0.14269567,  0.07696329,  0.06463929, ..., -0.14105569,
          -0.07042082,  0.04506339]],

        [[-0.04169557, -0.02528512, -0.03759849, ...,  0.01244597,
           0.04502607,  0.06328099],
         [ 0.21938598, -0.08546835, -0.15031873, ..., -0.20770724,
          -0.4424688 , -0.1723476 ],
         [ 0.04917078,  0.01543112,  0.02970404, ...,  0.02490965,
          -0.09356423, -0.13852003],
         ...,
         [ 0.09237019, -0.17509183, -0.27365497, ...,  0.0306354 ,
           0.13134469,  0.0043756 ],
         [-0.09834571, -0.10688537,  0.09833106, ...,  0.07380716,
           0.01849347,  0.01641924],
         [ 0.17346054, -0.23654042, -0.16670482, ..., -0.09828714,
          -0.133163  , -0.05086247]],

        [[ 0.04798737, -0.24055308,  0.03641523, ...,  0.02358297,
           0.15594779, -0.04468987],
         [ 0.15281808,  0.0092891 , -0.08467879, ...,  0.05323897,
          -0.18918647, -0.11026656],
         [ 0.06566687, -0.18492022,  0.06662839, ...,  0.10920755,
           0.00498277,  0.09501281],
         ...,
         [ 0.02235542, -0.18663107,  0.07444032, ...,  0.06679096,
          -0.11252288,  0.12738791],
         [-0.02065049, -0.19151533,  0.04216838, ..., -0.00662631,
           0.15603285,  0.13163245],
         [ 0.09977544, -0.10993373, -0.16271995, ...,  0.01383509,
          -0.16166794, -0.13876395]]],


       [[[ 0.01927579,  0.18800515, -0.10936827, ...,  0.03879706,
          -0.05209406,  0.03665005],
         [ 0.03566877,  0.0545718 , -0.01580225, ..., -0.09151511,
          -0.0261217 , -0.02100262],
         [-0.07582273,  0.17955892, -0.00761197, ..., -0.08308212,
          -0.16210829, -0.05073314],
         ...,
         [-0.13932984,  0.08469928, -0.03295505, ...,  0.03892509,
          -0.14343865,  0.03918806],
         [-0.03398429,  0.01505367, -0.1415341 , ..., -0.06662729,
          -0.12111728,  0.04237408],
         [ 0.09236557,  0.04965429, -0.03110427, ..., -0.17872949,
           0.15164725,  0.09085459]],

        [[ 0.0695504 ,  0.02308998, -0.03322292, ...,  0.09931797,
           0.06278417,  0.02661224],
         [-0.18668783, -0.04711391, -0.01130212, ..., -0.05137954,
          -0.3655622 , -0.21626298],
         [-0.11008321,  0.04815307, -0.03432755, ...,  0.07561655,
          -0.1018303 , -0.09326354],
         ...,
         [-0.00175605, -0.13939753, -0.1446532 , ...,  0.13320602,
          -0.00864346,  0.09823482],
         [ 0.11482679, -0.03927822,  0.01220475, ...,  0.06478263,
          -0.00823238,  0.06143425],
         [-0.11176965, -0.15631382, -0.00765918, ..., -0.17848498,
           0.05047753, -0.16418625]],

        [[-0.04382486, -0.07127145,  0.11958119, ..., -0.05776314,
           0.1427543 ,  0.0716252 ],
         [ 0.02400053, -0.33497176, -0.20590223, ...,  0.20372379,
          -0.27578568, -0.2018654 ],
         [ 0.09558161, -0.27002066, -0.08421931, ...,  0.13126028,
          -0.02557542, -0.00082596],
         ...,
         [ 0.04760186, -0.12805639, -0.15645279, ..., -0.0127897 ,
          -0.05726159,  0.12856409],
         [-0.08625866, -0.17306538,  0.09682471, ..., -0.04446492,
           0.13877068,  0.02353021],
         [-0.16555181, -0.3409416 ,  0.00798756, ...,  0.03252655,
          -0.10401199, -0.21393538]]]], dtype=float32)>, <tf.Variable 'conv2d_1/bias:0' shape=(64,) dtype=float32, numpy=
array([-0.09586079, -0.05233416, -0.1066408 , -0.08776202, -0.05104914,
       -0.09274719, -0.00859885,  0.00777896, -0.04569287,  0.04821812,
       -0.02918197, -0.00490425, -0.07812899,  0.05533989, -0.15156427,
       -0.10535526, -0.04610452, -0.04974994, -0.04636009, -0.10030629,
       -0.00216631, -0.01288718, -0.09959592, -0.0256163 , -0.07967643,
        0.03756552, -0.07714161, -0.02383235, -0.15700315, -0.01458698,
        0.02042736, -0.06220897, -0.04341378, -0.04138966, -0.04990238,
       -0.00930352,  0.00465793, -0.06562602, -0.13094443, -0.07229973,
       -0.04442675, -0.03244297, -0.05415317, -0.07809653, -0.0727229 ,
       -0.07445086, -0.09335386, -0.01440163, -0.03553716, -0.02223575,
       -0.1240972 , -0.04802735, -0.05391682, -0.00207381,  0.00630338,
       -0.02612063,  0.01568059, -0.0856876 , -0.00417811, -0.0872976 ,
       -0.09137671,  0.01576712,  0.03630402, -0.0259291 ], dtype=float32)>]